0.0001973270	0.0018785526
0.0021705967	0.2255211942
0.0041438664	0.8049402030
0.0061171361	1.6961071687
0.0080904058	2.8339629162
0.0100636755	4.1404321050
0.0120369452	5.5333764202
0.0140102149	6.9350134628
0.0159834846	8.2785970957
0.0179567543	9.5127096762
0.0199300240	10.6027076599
0.0219032937	11.5299956151
0.0238765634	12.2894789029
0.0258498331	12.8861884792
0.0278231028	13.3312688664
0.0297963725	13.6391124194
0.0317696422	13.8244935909
0.0337429119	13.9012315887
0.0357161816	13.8814261801
0.0376894513	13.7753303259
0.0396627210	13.5922417419
0.0416359907	13.3409486803
0.0436092604	13.0303667589
0.0455825301	12.6702394746
0.0475557998	12.2710745200
0.0495290695	11.8440801007
0.0515023392	11.4004644221
0.0534756089	10.9507988599
0.0554488786	10.5046358619
0.0574221483	10.0692989714
0.0593954180	9.6501375594
0.0613686877	9.2500173601
0.0633419574	8.8695115203
0.0653152271	8.5073463805
0.0672884968	8.1610383041
0.0692617665	7.8273394589
0.0712350362	7.5029383296
0.0732083059	7.1852239138
0.0751815756	6.8724767709
0.0771548453	6.5641874370
0.0791281150	6.2609927419
0.0811013847	5.9645930214
0.0830746544	5.6772935996
0.0850479241	5.4015908495
0.0870211938	5.1397773586
0.0889944635	4.8935152528
0.0909677332	4.6636324109
0.0929410029	4.4499887303
0.0949142726	4.2515461785
0.0968875423	4.0665088952
0.0988608120	3.8925970295
0.1008340817	3.7273587864
0.1028073514	3.5684888419
0.1047806211	3.4141021796
0.1067538908	3.2629378764
0.1087271605	3.1144673634
0.1107004302	2.9688625849
0.1126736999	2.8268686316
0.1146469696	2.6896126925
0.1166202393	2.5583365857
0.1185935090	2.4341738684
0.1205667787	2.3179460511
0.1225400484	2.2100097586
0.1245133181	2.1102185200
0.1264865878	2.0179418737
0.1284598575	1.9321672602
0.1304331272	1.8516273881
0.1324063969	1.7749912831
0.1343796666	1.7010107586
0.1363529363	1.6287050966
0.1383262060	1.5574565722
0.1402994757	1.4870486631
0.1422727454	1.4176596819
0.1442460151	1.3497736191
0.1462192848	1.2840718827
0.1481925545	1.2212868271
0.1501658242	1.1620680187
0.1521390939	1.1068739749
0.1541123636	1.0558830083
0.1560856333	1.0089932259
0.1580589030	0.9658352665
0.1600321727	0.9258168782
0.1620054424	0.8882248117
0.1639787121	0.8523267127
0.1659519818	0.8174348048
0.1679252515	0.7830523608
0.1698985212	0.7488737024
0.1718717909	0.7148351465
0.1738450606	0.6810959007
0.1758183303	0.6479934847
0.1777916000	0.6159558482
0.1797648697	0.5854166724
0.1817381394	0.5567555079
0.1837114091	0.5302226287
0.1856846788	0.5059065542
0.1876579485	0.4837257703
0.1896312182	0.4634427394
0.1916044879	0.4447046576
0.1935777576	0.4270931279
0.1955510273	0.4101827479
0.1975242970	0.3936028826
0.1994975667	0.3770822424
0.2014708364	0.3604819985
0.2034441061	0.3438059719
0.2054173758	0.3271828021
0.2073906455	0.3108360165
0.2093639152	0.2950356309
0.2113371849	0.2800484771
0.2133104546	0.2660923507
0.2152837243	0.2533028967
0.2172569940	0.2417157775
0.2192302637	0.2312647627
0.2212035334	0.2217951027
0.2231768031	0.2130877281
0.2251500728	0.2048910910
0.2271233425	0.1969593751
0.2290966122	0.1890824266
0.2310698819	0.1811195061
0.2330431516	0.1730088410
0.2350164213	0.1647765414
0.2369896910	0.1565219528
0.2389629607	0.1483940933
0.2409362304	0.1405649071
0.2429095001	0.1331942383
0.2448827698	0.1264069057
0.2468560395	0.1202748710
0.2488293092	0.1148070498
0.2508025789	0.1099512222
0.2527758486	0.1056054952
0.2547491183	0.1016310401
0.2567223880	0.0978769281
0.2586956577	0.0941966883
0.2606689274	0.0904737810
0.2626421971	0.0866336970
0.2646154668	0.0826547840
0.2665887365	0.0785669732
0.2685620062	0.0744428630
0.2705352759	0.0703824358
0.2725085456	0.0664933159
0.2744818153	0.0628724924
0.2764550850	0.0595899529
0.2784283547	0.0566815509
0.2804016244	0.0541442297
0.2823748941	0.0519390790
0.2843481638	0.0499977668
0.2863214335	0.0482334934
0.2882947032	0.0465531541
0.2902679729	0.0448710954
0.2922412426	0.0431212143
0.2942145123	0.0412663200
0.2961877820	0.0393022094
0.2981610517	0.0372564571
0.3001343214	0.0351811560
0.3021075911	0.0331422815
0.3040808608	0.0312069556
0.3060541305	0.0294326839
0.3080274002	0.0278585679
0.3100006699	0.0265009103
0.3119739396	0.0253525150
0.3139472093	0.0243846610
0.3159204790	0.0235522607
0.3178937487	0.0228003557
0.3198670184	0.0220719497
0.3218402881	0.0213163511
0.3238135578	0.0204968147
0.3257868275	0.0195953821
0.3277600972	0.0186156193
0.3297333669	0.0175800066
0.3317066366	0.0165252253
0.3336799063	0.0154942615
0.3356531760	0.0145288274
0.3376264457	0.0136624841
0.3395997154	0.0129163105
0.3415729851	0.0122965477
0.3435462548	0.0117953626
0.3455195245	0.0113923130
0.3474927942	0.0110576589
0.3494660639	0.0107566931
0.3514393336	0.0104545174
0.3534126033	0.0101210732
0.3553858730	0.0097361096
0.3573591427	0.0092919844
0.3593324124	0.0087944930
0.3613056821	0.0082613390
0.3632789518	0.0077176774
0.3652522215	0.0071915285
0.3672254912	0.0067082384
0.3691987609	0.0062871282
0.3711720306	0.0059388906
0.3731453003	0.0056650665
0.3751185700	0.0054586317
0.3770918397	0.0053053595
0.3790651094	0.0051858711
0.3810383791	0.0050782023
0.3830116488	0.0049608791
0.3849849185	0.0048161786
0.3869581882	0.0046330901
0.3889314579	0.0044090597
0.3909047276	0.0041502265
0.3928779973	0.0038697412
0.3948512670	0.0035848617
0.3968245367	0.0033134321
0.3987978064	0.0030707745
0.4007710761	0.0028675557
0.4027443458	0.0027088322
0.4047176155	0.0025940373
0.4066908852	0.0025175858
0.4086641549	0.0024697790
0.4106374246	0.0024380585
0.4126106943	0.0024085160
0.4145839640	0.0023678862
0.4165572337	0.0023056807
0.4185305034	0.0022160851
0.4205037731	0.0020989976
0.4224770428	0.0019598885
0.4244503125	0.0018084121
0.4264235822	0.0016562034
0.4283968519	0.0015145279
0.4303701216	0.0013923775
0.4323433913	0.0012954075
0.4343166610	0.0012256810
0.4362899307	0.0011819116
0.4382632004	0.0011599601
0.4402364701	0.0011533626
0.4422097398	0.0011539866
0.4441830095	0.0011530123
0.4461562792	0.0011421543
0.4481295489	0.0011151973
0.4501028186	0.0010691991
0.4520760883	0.0010051277
0.4540493580	0.0009275363
0.4560226277	0.0008433984
0.4579958974	0.0007604704
0.4599691671	0.0006857257
0.4619424368	0.0006242627
0.4639157065	0.0005788713
0.4658889762	0.0005501255
0.4678622459	0.0005367024
0.4698355156	0.0005356962
0.4718087853	0.0005428694
0.4737820550	0.0005529766
0.4757553247	0.0005603389
0.4777285944	0.0005597371
0.4797018641	0.0005474597
0.4816751338	0.0005221604
0.4836484035	0.0004851854
0.4856216732	0.0004401870
0.4875949429	0.0003921484
0.4895682126	0.0003461743
0.4915414823	0.0003064616
0.4935147520	0.0002757429
0.4954880217	0.0002552198
0.4974612914	0.0002448101
0.4994345611	0.0002434282
0.5014078308	0.0002491374
0.5033811005	0.0002592025
0.5053543702	0.0002702120
0.5073276399	0.0002784468
0.5093009096	0.0002805478
0.5112741793	0.0002742954
0.5132474490	0.0002592133
0.5152207187	0.0002367039
0.5171939884	0.0002096399
0.5191672581	0.0001815487
0.5211405278	0.0001557259
0.5231137975	0.0001345946
0.5250870672	0.0001194820
0.5270603369	0.0001107613
0.5290336066	0.0001081324
0.5310068763	0.0001108237
0.5329801460	0.0001176123
0.5349534157	0.0001267476
0.5369266854	0.0001359651
0.5388999551	0.0001427613
0.5408732248	0.0001449189
0.5428464945	0.0001411177
0.5448197642	0.0001313519
0.5467930339	0.0001169449
0.5487663036	0.0001001313
0.5507395733	0.0000833833
0.5527128430	0.0000687706
0.5546861127	0.0000575921
0.5566593824	0.0000503692
0.5586326521	0.0000470804
0.5606059218	0.0000474239
0.5625791915	0.0000509257
0.5645524612	0.0000568589
0.5665257309	0.0000640963
0.5684990006	0.0000710855
0.5704722703	0.0000760770
0.5724455400	0.0000775722
0.5744188097	0.0000748059
0.5763920794	0.0000680274
0.5783653491	0.0000584291
0.5803386188	0.0000477352
0.5823118885	0.0000376513
0.5842851582	0.0000294142
0.5862584279	0.0000236227
0.5882316976	0.0000203584
0.5902049673	0.0000194518
0.5921782370	0.0000206919
0.5941515067	0.0000238479
0.5961247764	0.0000285193
0.5980980461	0.0000339593
0.6000713158	0.0000390494
0.6020445855	0.0000425156
0.6040178552	0.0000433221
0.6059911249	0.0000410566
0.6079643946	0.0000361055
0.6099376643	0.0000295160
0.6119109340	0.0000226091
0.6138842037	0.0000165320
0.6158574734	0.0000119621
0.6178307431	0.0000090748
0.6198040128	0.0000077365
0.6217772825	0.0000077616
0.6237505522	0.0000090565
0.6257238219	0.0000115687
0.6276970916	0.0000150952
0.6296703613	0.0000191084
0.6316436310	0.0000227527
0.6336169007	0.0000250636
0.6355901704	0.0000253191
0.6375634401	0.0000233428
0.6395367098	0.0000195913
0.6415099795	0.0000149723
0.6434832492	0.0000104853
0.6454565189	0.0000068689
0.6474297886	0.0000044256
0.6494030583	0.0000030862
0.6513763280	0.0000026343
0.6533495977	0.0000029318
0.6553228674	0.0000039960
0.6572961371	0.0000058922
0.6592694068	0.0000085247
0.6612426765	0.0000114849
0.6632159462	0.0000140804
0.6651892159	0.0000155604
0.6671624856	0.0000154285
0.6691357553	0.0000136716
0.6711090250	0.0000107760
0.6730822947	0.0000075164
0.6750555644	0.0000046319
0.6770288341	0.0000025589
0.6790021038	0.0000013527
0.6809753735	0.0000008155
0.6829486432	0.0000007263
0.6849219129	0.0000010209
0.6868951826	0.0000018076
0.6888684523	0.0000032195
0.6908417220	0.0000052068
0.6928149917	0.0000074191
0.6947882614	0.0000092701
0.6967615311	0.0000101669
0.6987348008	0.0000097832
0.7007080705	0.0000082211
0.7026813402	0.0000059695
0.7046546099	0.0000036781
0.7066278796	0.0000018733
0.7086011493	0.0000007690
0.7105744190	0.0000002646
0.7125476887	0.0000001104
0.7145209584	0.0000001248
0.7164942281	0.0000003228
0.7184674978	0.0000008783
0.7204407675	0.0000019515
0.7224140372	0.0000034973
0.7243873069	0.0000051883
0.7263605766	0.0000065121
0.7283338463	0.0000070002
0.7303071160	0.0000064599
0.7322803857	0.0000050751
0.7342536554	0.0000033189
0.7362269251	0.0000017248
0.7382001948	0.0000006464
0.7401734645	0.0000001371
0.7421467342	0.0000000058
0.7441200039	0.0000000013
0.7460932736	0.0000000023
0.7480665433	0.0000000951
0.7500398130	0.0000004922
0.7520130827	0.0000013493
0.7539863524	0.0000026004
0.7559596221	0.0000039228
0.7579328918	0.0000048631
0.7599061615	0.0000050580
0.7618794312	0.0000044231
0.7638527009	0.0000031995
0.7658259706	0.0000018317
0.7677992403	0.0000007458
0.7697725100	0.0000001552
0.7717457797	0.0000000003
0.7737190494	0.0000000460
0.7756923191	0.0000000695
0.7776655888	0.0000000163
0.7796388585	0.0000000286
0.7816121282	0.0000003326
0.7835853979	0.0000010571
0.7855586676	0.0000021027
0.7875319373	0.0000031469
0.7895052070	0.0000037917
0.7914784767	0.0000037684
0.7934517464	0.0000030826
0.7954250161	0.0000020128
0.7973982858	0.0000009643
0.7993715555	0.0000002628
0.8013448252	0.0000000069
0.8033180949	0.0000000585
0.8052913646	0.0000001705
0.8072646343	0.0000001647
0.8092379040	0.0000000504
0.8112111737	0.0000000100
0.8131844434	0.0000002644
0.8151577131	0.0000009040
0.8171309828	0.0000017941
0.8191042525	0.0000026163
0.8210775222	0.0000030285
0.8230507919	0.0000028478
0.8250240616	0.0000021522
0.8269973313	0.0000012381
0.8289706010	0.0000004617
0.8309438707	0.0000000550
0.8329171404	0.0000000235
0.8348904101	0.0000001807
0.8368636798	0.0000002910
0.8388369495	0.0000002310
0.8408102192	0.0000000675
0.8427834889	0.0000000074
0.8447567586	0.0000002510
0.8467300283	0.0000008432
0.8487032980	0.0000016152
0.8506765677	0.0000022582
0.8526498374	0.0000024863
0.8546231071	0.0000021935
0.8565963768	0.0000015139
0.8585696465	0.0000007465
0.8605429162	0.0000001928
0.8625161859	0.0000000005
0.8644894556	0.0000001044
0.8664627253	0.0000002943
0.8684359950	0.0000003641
0.8704092647	0.0000002476
0.8723825344	0.0000000593
0.8743558041	0.0000000138
0.8763290738	0.0000002784
0.8783023435	0.0000008483
0.8802756132	0.0000015260
0.8822488829	0.0000020182
0.8842221526	0.0000020961
0.8861954223	0.0000017226
0.8881686920	0.0000010734
0.8901419617	0.0000004384
0.8921152314	0.0000000621
0.8940885011	0.0000000191
0.8960617708	0.0000001931
0.8980350405	0.0000003703
0.9000083102	0.0000003840
0.9019815799	0.0000002232
0.9039548496	0.0000000366
0.9059281193	0.0000000319
0.9079013890	0.0000003343
0.9098746587	0.0000008906
0.9118479284	0.0000014825
0.9138211981	0.0000018400
0.9157944678	0.0000017923
0.9177677375	0.0000013628
0.9197410072	0.0000007562
0.9217142769	0.0000002424
0.9236875466	0.0000000090
0.9256608163	0.0000000679
0.9276340860	0.0000002690
0.9296073557	0.0000004090
0.9315806254	0.0000003663
0.9335538951	0.0000001782
0.9355271648	0.0000000145
0.9375004345	0.0000000636
0.9394737042	0.0000004044
0.9414469739	0.0000009408
0.9434202436	0.0000014440
0.9453935133	0.0000016760
0.9473667830	0.0000015238
0.9493400527	0.0000010626
0.9513133224	0.0000005128
0.9532865921	0.0000001156
0.9552598618	0.0000000015
0.9572331315	0.0000001295
0.9592064012	0.0000003299
0.9611796709	0.0000004209
0.9631529406	0.0000003275
0.9651262103	0.0000001280
0.9670994800	0.0000000016
0.9690727497	0.0000001093
0.9710460194	0.0000004830
0.9730192891	0.0000009914
0.9749925588	0.0000014052
0.9769658285	0.0000015239
0.9789390982	0.0000012892
0.9809123679	0.0000008178
0.9828856376	0.0000003338
0.9848589073	0.0000000429
0.9868321770	0.0000000222
0.9888054467	0.0000001891
0.9907787164	0.0000003676
0.9927519861	0.0000004055
0.9947252558	0.0000002729
0.9966985255	0.0000000795
0.9986717952	0.0000000021
1.0006450649	0.0000001675
1.0026183346	0.0000005626
1.0045916043	0.0000010298
1.0065648740	0.0000013496
1.0085381437	0.0000013640
1.0105114134	0.0000010664
1.0124846831	0.0000006046
1.0144579528	0.0000001962
1.0164312225	0.0000000066
1.0184044922	0.0000000626
1.0203777619	0.0000002501
1.0223510316	0.0000003963
1.0243243013	0.0000003831
1.0262975710	0.0000002217
1.0282708407	0.0000000438
1.0302441104	0.0000000154
1.0322173801	0.0000002263
1.0341906498	0.0000006245
1.0361639195	0.0000010364
1.0381371892	0.0000012618
1.0401104589	0.0000011872
1.0420837286	0.0000008510
1.0440569983	0.0000004208
1.0460302680	0.0000000969
1.0480035377	0.0000000013
1.0499768074	0.0000001156
1.0519500771	0.0000003049
1.0539233468	0.0000004094
1.0558966165	0.0000003482
1.0578698862	0.0000001693
1.0598431559	0.0000000176
1.0618164256	0.0000000406
1.0637896953	0.0000002898
1.0657629650	0.0000006797
1.0677362347	0.0000010295
1.0697095044	0.0000011647
1.0716827741	0.0000010164
1.0736560438	0.0000006608
1.0756293135	0.0000002751
1.0776025832	0.0000000355
1.0795758529	0.0000000204
1.0815491226	0.0000001738
1.0835223923	0.0000003496
1.0854956620	0.0000004087
1.0874689317	0.0000003068
1.0894422014	0.0000001221
1.0914154711	0.0000000035
1.0933887408	0.0000000738
1.0953620105	0.0000003476
1.0973352802	0.0000007133
1.0993085499	0.0000009927
1.1012818196	0.0000010428
1.1032550893	0.0000008376
1.1052283590	0.0000004834
1.1072016287	0.0000001569
1.1091748984	0.0000000042
1.1111481681	0.0000000609
1.1131214378	0.0000002401
1.1150947075	0.0000003932
1.1170679772	0.0000004060
1.1190412469	0.0000002699
1.1210145166	0.0000000861
1.1229877863	0.0000000000
1.1249610560	0.0000001073
1.1269343257	0.0000003889
1.1289075954	0.0000007159
1.1308808651	0.0000009215
1.1328541348	0.0000008971
1.1348274045	0.0000006559
1.1368006742	0.0000003247
1.1387739439	0.0000000701
1.1407472136	0.0000000033
1.1427204833	0.0000001198
1.1446937530	0.0000003098
1.1466670227	0.0000004305
1.1486402924	0.0000003968
1.1506135621	0.0000002330
1.1525868318	0.0000000569
1.1545601015	0.0000000040
1.1565333712	0.0000001407
1.1585066409	0.0000004188
1.1604799106	0.0000006997
1.1624531803	0.0000008339
1.1644264500	0.0000007487
1.1663997197	0.0000004905
1.1683729894	0.0000001976
1.1703462591	0.0000000191
1.1723195288	0.0000000292
1.1742927985	0.0000001885
1.1762660682	0.0000003726
1.1782393379	0.0000004525
1.1802126076	0.0000003743
1.1821858773	0.0000001918
1.1841591470	0.0000000321
1.1861324167	0.0000000151
1.1881056864	0.0000001772
1.1900789561	0.0000004454
1.1920522258	0.0000006778
1.1940254955	0.0000007469
1.1959987652	0.0000006146
1.1979720349	0.0000003542
1.1999453046	0.0000001073
1.2019185743	0.0000000006
1.2038918440	0.0000000725
1.2058651137	0.0000002551
1.2078383834	0.0000004188
1.2098116531	0.0000004540
1.2117849228	0.0000003379
1.2137581925	0.0000001482
1.2157314622	0.0000000135
1.2177047319	0.0000000330
1.2196780016	0.0000002136
1.2216512713	0.0000004629
1.2236245410	0.0000006431
1.2255978107	0.0000006525
1.2275710804	0.0000004859
1.2295443501	0.0000002374
1.2315176198	0.0000000447
1.2334908895	0.0000000076
1.2354641592	0.0000001305
1.2374374289	0.0000003234
1.2394106986	0.0000004583
1.2413839683	0.0000004486
1.2433572380	0.0000003012
1.2453305077	0.0000001115
1.2473037774	0.0000000035
1.2492770471	0.0000000533
1.2512503168	0.0000002408
1.2532235865	0.0000004615
1.2551968562	0.0000005878
1.2571701259	0.0000005462
1.2591433956	0.0000003610
1.2611166653	0.0000001398
1.2630899350	0.0000000088
1.2650632047	0.0000000382
1.2670364744	0.0000002012
1.2690097441	0.0000003920
1.2709830138	0.0000004909
1.2729562835	0.0000004371
1.2749295532	0.0000002646
1.2769028229	0.0000000808
1.2788760926	0.0000000001
1.2808493623	0.0000000740
1.2828226320	0.0000002599
1.2847959017	0.0000004465
1.2867691714	0.0000005217
1.2887424411	0.0000004403
1.2907157108	0.0000002513
1.2926889805	0.0000000682
1.2946622502	0.0000000004
1.2966355199	0.0000000874
1.2986087896	0.0000002757
1.3005820593	0.0000004512
1.3025553290	0.0000005083
1.3045285987	0.0000004135
1.3065018684	0.0000002242
1.3084751381	0.0000000536
1.3104484078	0.0000000019
1.3124216775	0.0000000960
1.3143949472	0.0000002738
1.3163682169	0.0000004238
1.3183414866	0.0000004526
1.3203147563	0.0000003424
1.3222880260	0.0000001617
1.3242612957	0.0000000233
1.3262345654	0.0000000154
1.3282078351	0.0000001482
1.3301811048	0.0000003465
1.3321543745	0.0000004952
1.3341276442	0.0000005075
1.3361009139	0.0000003770
1.3380741836	0.0000001801
1.3400474533	0.0000000302
1.3420207230	0.0000000095
1.3439939927	0.0000001205
1.3459672624	0.0000002866
1.3479405321	0.0000004002
1.3499138018	0.0000003889
1.3518870715	0.0000002601
1.3538603412	0.0000000960
1.3558336109	0.0000000030
1.3578068806	0.0000000462
1.3597801503	0.0000002090
1.3617534200	0.0000004015
1.3637266897	0.0000005142
1.3656999594	0.0000004825
1.3676732291	0.0000003252
1.3696464988	0.0000001325
1.3716197685	0.0000000118
1.3735930382	0.0000000241
1.3755663079	0.0000001490
1.3775395776	0.0000002997
1.3795128473	0.0000003771
