0.0009865  0.00182885709
0.001973  0.00731681633
0.0029595  0.0173858167
0.003946  0.0327089738
0.0049325  0.054203238
0.005919  0.0826138414
0.0069055  0.118474405
0.007892  0.16221556
0.0088785  0.212942054
0.009865  0.268754776
0.0108515  0.327729746
0.011838  0.38815494
0.0128245  0.449103062
0.013811  0.509828381
0.0147975  0.569585171
0.015784  0.627633379
0.0167705  0.683305795
0.017757  0.735985684
0.0187435  0.785057322
0.01973  0.829904983
0.0207165  0.869920357
0.021703  0.904823134
0.0226895  0.934783641
0.023676  0.960004923
0.0246625  0.980690026
0.025649  0.997041996
0.0266355  1.00926395
0.027622  1.01758886
0.0286085  1.02232482
0.029595  1.02379161
0.0305815  1.022309
0.031568  1.01819674
0.0325545  1.01177461
0.033541  1.00336237
0.0345275  0.993260889
0.035514  0.981659599
0.0365005  0.96870721
0.037487  0.954552373
0.0384735  0.939343738
0.03946  0.923229957
0.0404465  0.90635968
0.041433  0.888881559
0.0424195  0.87094331
0.043406  0.852656175
0.0443925  0.834083934
0.045379  0.815287185
0.0463655  0.796326527
0.047352  0.777262557
0.0483385  0.758155874
0.049325  0.739067078
0.0503115  0.720056765
0.051298  0.701185535
0.0522845  0.682512277
0.053271  0.664069599
0.0542575  0.645869519
0.055244  0.627923499
0.0562305  0.610243005
0.057217  0.592839501
0.0582035  0.575724452
0.05919  0.558909321
0.0601765  0.542405574
0.061163  0.526224674
0.0621495  0.510378087
0.063136  0.494877229
0.0641225  0.479729253
0.065109  0.46493369
0.0660955  0.45048928
0.067082  0.436394766
0.0680685  0.422648888
0.069055  0.409250388
0.0700415  0.396198007
0.071028  0.383490487
0.0720145  0.371126568
0.073001  0.359104992
0.0739875  0.347424501
0.074974  0.336083835
0.0759605  0.325081717
0.076947  0.314414712
0.0779335  0.304075306
0.07892  0.294055527
0.0799065  0.284347404
0.080893  0.274942965
0.0818795  0.26583424
0.082866  0.257013258
0.0838525  0.248472047
0.084839  0.240202636
0.0858255  0.232197054
0.086812  0.22444733
0.0877985  0.216945493
0.088785  0.209683571
0.0897715  0.202653594
0.090758  0.195847602
0.0917445  0.189258598
0.092731  0.182881236
0.0937175  0.17671034
0.094704  0.170740728
0.0956905  0.164967222
0.096677  0.159384642
0.0976635  0.153987809
0.09865  0.148771543
0.0996365  0.143730666
0.100623  0.138859997
0.1016095  0.134154357
0.102596  0.129608567
0.1035825  0.125217447
0.104569  0.120975819
0.1055555  0.116878502
0.106542  0.112920318
0.1075285  0.109096087
0.108515  0.105401051
0.1095015  0.101831639
0.110488  0.0983844925
0.1114745  0.0950562501
0.112461  0.0918435516
0.1134475  0.0887430365
0.114434  0.0857513446
0.1154205  0.0828651154
0.116407  0.0800809884
0.1173935  0.0773956034
0.11838  0.0748055999
0.1193665  0.0723076175
0.120353  0.0698982958
0.1213395  0.0675742745
0.122326  0.065332193
0.1233125  0.0631686912
0.124299  0.0610804084
0.1252855  0.0590639844
0.126272  0.0571160587
0.1272585  0.0552332933
0.128245  0.0534131093
0.1292315  0.0516538543
0.130218  0.0499539324
0.1312045  0.0483117476
0.132191  0.0467257039
0.1331775  0.0451942053
0.134164  0.0437156558
0.1351505  0.0422884595
0.136137  0.0409110203
0.1371235  0.0395817423
0.13811  0.0382990294
0.1390965  0.0370612858
0.140083  0.0358669153
0.1410695  0.034714322
0.142056  0.03360191
0.1430425  0.0325280832
0.144029  0.0314912456
0.1450155  0.0304898013
0.146002  0.0295221543
0.1469885  0.0285867085
0.147975  0.0276818681
0.1489615  0.0268060369
0.149948  0.0259577303
0.1509345  0.0251360967
0.151921  0.0243405087
0.1529075  0.0235703392
0.153894  0.0228249611
0.1548805  0.0221037471
0.155867  0.02140607
0.1568535  0.0207313029
0.15784  0.0200788184
0.1588265  0.0194479894
0.159813  0.0188381887
0.1607995  0.0182487893
0.161786  0.0176791638
0.1627725  0.0171286853
0.163759  0.0165967264
0.1647455  0.0160826601
0.165732  0.0155858592
0.1667185  0.0151056964
0.167705  0.0146415448
0.1686915  0.014192777
0.169678  0.013758766
0.1706645  0.0133388845
0.171651  0.0129325055
0.1726375  0.0125390017
0.173624  0.012157746
0.1746105  0.0117881114
0.175597  0.0114295672
0.1765835  0.0110818336
0.17757  0.0107446716
0.1785565  0.0104178422
0.179543  0.0101011063
0.1805295  0.00979422476
0.181516  0.00949695856
0.1825025  0.00920906862
0.183489  0.00893031586
0.1844755  0.00866046121
0.185462  0.0083992656
0.1864485  0.00814648995
0.187435  0.0079018952
0.1884215  0.00766524226
0.189408  0.00743629206
0.1903945  0.00721480554
0.191381  0.00700054361
0.1923675  0.00679326721
0.193354  0.00659273726
0.1943405  0.00639871469
0.195327  0.00621096042
0.1963135  0.00602923538
0.1973  0.00585330051
0.1982865  0.00568291672
0.199273  0.00551784494
0.2002595  0.0053578461
0.201246  0.00520268113
0.2022325  0.00505211095
0.203219  0.00490589648
0.2042055  0.00476381565
0.205192  0.00462574922
0.2061785  0.00449161646
0.207165  0.00436133673
0.2081515  0.00423482938
0.209138  0.00411201376
0.2101245  0.00399280921
0.211111  0.00387713509
0.2120975  0.00376491075
0.213084  0.00365605554
0.2140705  0.0035504888
0.215057  0.00344812989
0.2160435  0.00334889816
0.21703  0.00325271296
0.2180165  0.00315949364
0.219003  0.00306915954
0.2199895  0.00298163002
0.220976  0.00289682443
0.2219625  0.00281466212
0.222949  0.00273506244
0.2239355  0.00265794473
0.224922  0.00258322835
0.2259085  0.00251083265
0.226895  0.00244067698
0.2278815  0.00237268068
0.228868  0.00230676312
0.2298545  0.00224284363
0.230841  0.00218084157
0.2318275  0.00212067628
0.232814  0.00206226713
0.2338005  0.00200553345
0.234787  0.0019503946
0.2357735  0.00189676993
0.23676  0.00184458254
0.2377465  0.00179378886
0.238733  0.00174436277
0.2397195  0.00169627833
0.240706  0.00164950955
0.2416925  0.00160403049
0.242679  0.00155981519
0.2436655  0.00151683768
0.244652  0.001475072
0.2456385  0.0014344922
0.246625  0.0013950723
0.2476115  0.00135678636
0.248598  0.0013196084
0.2495845  0.00128351248
0.250571  0.00124847262
0.2515575  0.00121446288
0.252544  0.00118145728
0.2535305  0.00114942987
0.254517  0.00111835468
0.2555035  0.00108820576
0.25649  0.00105895714
0.2574765  0.00103058287
0.258463  0.00100305698
0.2594495  0.000976353519
0.260436  0.000950446516
0.2614225  0.000925310016
0.262409  0.000900918056
0.2633955  0.000877244677
0.264382  0.000854263918
0.2653685  0.000831949817
0.266355  0.000810276416
0.2673415  0.000789217752
0.268328  0.000768747865
0.2693145  0.000748840794
0.270301  0.00072947058
0.2712875  0.000710611261
0.272274  0.000692236876
0.2732605  0.000674322157
0.274247  0.000656851841
0.2752335  0.000639818191
0.27622  0.000623213656
0.2772065  0.000607030684
0.278193  0.000591261724
0.2791795  0.000575899223
0.280166  0.00056093563
0.2811525  0.000546363394
0.282139  0.000532174962
0.2831255  0.000518362782
0.284112  0.000504919303
0.2850985  0.000491836974
0.286085  0.000479108242
0.2870715  0.000466725556
0.288058  0.000454681363
0.2890445  0.000442968113
0.290031  0.000431578253
0.2910175  0.000420504232
0.292004  0.000409738498
0.2929905  0.000399273498
0.293977  0.000389101683
0.2949635  0.000379215499
0.29595  0.000369607394
0.2969365  0.000360269818
0.297923  0.000351195218
0.2989095  0.000342376043
0.299896  0.000333804741
0.3008825  0.00032547376
0.301869  0.000317375549
0.3028555  0.000309502555
0.303842  0.000301847226
0.3048285  0.000294402012
0.305815  0.000287159361
0.3068015  0.00028011172
0.307788  0.000273251538
0.3087745  0.000266571263
0.309761  0.000260063343
0.3107475  0.000253720227
0.311734  0.000247534363
0.3127205  0.000241498199
0.313707  0.000235604299
0.3146935  0.000229847827
0.31568  0.000224226502
0.3166665  0.000218738152
0.317653  0.000213380604
0.3186395  0.000208151687
0.319626  0.000203049228
0.3206125  0.000198071056
0.321599  0.000193214997
0.3225855  0.000188478881
0.323572  0.000183860534
0.3245585  0.000179357784
0.325545  0.00017496846
0.3265315  0.000170690389
0.327518  0.000166521399
0.3285045  0.000162459318
0.329491  0.000158501973
0.3304775  0.000154647193
0.331464  0.000150892805
0.3324505  0.000147236638
0.333437  0.000143676518
0.3344235  0.000140210274
0.33541  0.000136835733
0.3363965  0.000133550724
0.337383  0.000130353075
0.3383695  0.000127240612
0.339356  0.000124211164
0.3403425  0.000121262559
0.341329  0.000118392625
0.3423155  0.000115599189
0.343302  0.000112880079
0.3442885  0.000110233123
0.345275  0.000107656149
0.3462615  0.000105146985
0.347248  0.000102703459
0.3482345  0.000100323397
0.349221  9.80046291E-05
0.3502075  9.5744982E-05
0.351194  9.35422837E-05
0.3521805  9.13943621E-05
0.353167  8.92990449E-05
0.3541535  8.72541601E-05
0.35514  8.52575355E-05
0.3561265  8.33069988E-05
0.357113  8.14003779E-05
0.3580995  7.95356665E-05
0.359086  7.77118699E-05
0.3600725  7.59283756E-05
0.361059  7.41845717E-05
0.3620455  7.24798461E-05
0.363032  7.08135868E-05
0.3640185  6.9185182E-05
0.365005  6.75940196E-05
0.3659915  6.60394878E-05
0.366978  6.45209744E-05
0.3679645  6.30378676E-05
0.368951  6.15895555E-05
0.3699375  6.0175426E-05
0.370924  5.87948671E-05
0.3719105  5.7447267E-05
0.372897  5.61320136E-05
0.3738835  5.4848495E-05
0.37487  5.35960992E-05
0.3758565  5.23742143E-05
0.376843  5.11822284E-05
0.3778295  5.00195293E-05
0.378816  4.88855052E-05
0.3798025  4.77795442E-05
0.380789  4.67010342E-05
0.3817755  4.56493632E-05
0.382762  4.46239194E-05
0.3837485  4.36240908E-05
0.384735  4.26492654E-05
0.3857215  4.16988312E-05
0.386708  4.07721763E-05
0.3876945  3.98686887E-05
0.388681  3.89877564E-05
0.3896675  3.81287675E-05
0.390654  3.72911101E-05
0.3916405  3.64741721E-05
0.392627  3.56773416E-05
0.3936135  3.49000067E-05
0.3946  3.41415553E-05
