0.001 0.000295134
0.002 0.00104462
0.003 0.00248626
0.004 0.00410024
0.005 0.00664896
0.006 0.00919769
0.007 0.012645
0.008 0.0164469
0.009 0.0202489
0.01 0.0251167
0.011 0.0303164
0.012 0.0355161
0.013 0.0410225
0.014 0.0476341
0.015 0.0542456
0.016 0.0608572
0.017 0.067551
0.018 0.0754046
0.019 0.0832582
0.02 0.0911118
0.021 0.0989654
0.022 0.107068
0.023 0.115773
0.024 0.124478
0.025 0.133183
0.026 0.141889
0.027 0.150594
0.028 0.159514
0.029 0.168464
0.03 0.177415
0.031 0.186365
0.032 0.195315
0.033 0.204266
0.034 0.212817
0.035 0.221263
0.036 0.229709
0.037 0.238155
0.038 0.246602
0.039 0.255048
0.04 0.263471
0.041 0.270654
0.042 0.277838
0.043 0.285021
0.044 0.292205
0.045 0.299389
0.046 0.306572
0.047 0.313756
0.048 0.319957
0.049 0.325273
0.05 0.330589
0.051 0.335906
0.052 0.341222
0.053 0.346538
0.054 0.351854
0.055 0.35717
0.056 0.361865
0.057 0.364994
0.058 0.368124
0.059 0.371253
0.06 0.374382
0.061 0.377512
0.062 0.380641
0.063 0.383771
0.064 0.3869
0.065 0.389466
0.066 0.390426
0.067 0.391386
0.068 0.392346
0.069 0.393307
0.07 0.394267
0.071 0.395227
0.072 0.396187
0.073 0.397147
0.074 0.398107
0.075 0.398294
0.076 0.397396
0.077 0.396498
0.078 0.3956
0.079 0.394702
0.08 0.393804
0.081 0.392906
0.082 0.392008
0.083 0.39111
0.084 0.390212
0.085 0.389314
0.086 0.387441
0.087 0.385181
0.088 0.38292
0.089 0.380659
0.09 0.378398
0.091 0.376137
0.092 0.373876
0.093 0.371615
0.094 0.369355
0.095 0.367094
0.096 0.364833
0.097 0.362478
0.098 0.359406
0.099 0.356334
0.1 0.353262
0.101 0.350189
0.102 0.347117
0.103 0.344045
0.104 0.340973
0.105 0.337901
0.106 0.334828
0.107 0.331756
0.108 0.328684
0.109 0.325612
0.11 0.322361
0.111 0.318979
0.112 0.315596
0.113 0.312213
0.114 0.30883
0.115 0.305448
0.116 0.302065
0.117 0.298682
0.118 0.295299
0.119 0.291917
0.12 0.288534
0.121 0.285151
0.122 0.281769
0.123 0.278389
0.124 0.275082
0.125 0.271775
0.126 0.268468
0.127 0.26516
0.128 0.261853
0.129 0.258546
0.13 0.255239
0.131 0.251932
0.132 0.248624
0.133 0.245317
0.134 0.24201
0.135 0.238703
0.136 0.235396
0.137 0.232089
0.138 0.228939
0.139 0.225961
0.14 0.222983
0.141 0.220005
0.142 0.217027
0.143 0.214049
0.144 0.211071
0.145 0.208093
0.146 0.205116
0.147 0.202138
0.148 0.19916
0.149 0.196182
0.15 0.193204
0.151 0.190226
0.152 0.187248
0.153 0.18427
0.154 0.181677
0.155 0.179162
0.156 0.176647
0.157 0.174132
0.158 0.171617
0.159 0.169102
0.16 0.166587
0.161 0.164071
0.162 0.161556
0.163 0.159041
0.164 0.156526
0.165 0.154011
0.166 0.151496
0.167 0.14898
0.168 0.146465
0.169 0.14395
0.17 0.141464
0.171 0.139452
0.172 0.137441
0.173 0.135429
0.174 0.133418
0.175 0.131406
0.176 0.129394
0.177 0.127383
0.178 0.125371
0.179 0.12336
0.18 0.121348
0.181 0.119336
0.182 0.117325
0.183 0.115313
0.184 0.113302
0.185 0.11129
0.186 0.109278
0.187 0.107267
0.188 0.105305
0.189 0.103773
0.19 0.102241
0.191 0.100708
0.192 0.0991757
0.193 0.0976433
0.194 0.0961109
0.195 0.0945785
0.196 0.0930461
0.197 0.0915137
0.198 0.0899813
0.199 0.0884489
0.2 0.0869165
0.201 0.0853841
0.202 0.0838516
0.203 0.0823192
0.204 0.0807868
0.205 0.0792544
0.206 0.077722
0.207 0.0761896
0.208 0.0750443
0.209 0.0739276
0.21 0.0728109
0.211 0.0716943
0.212 0.0705776
0.213 0.0694609
0.214 0.0683442
0.215 0.0672275
0.216 0.0661109
0.217 0.0649942
0.218 0.0638775
0.219 0.0627608
0.22 0.0616442
0.221 0.0605275
0.222 0.0594108
0.223 0.0582941
0.224 0.0571774
0.225 0.0560608
0.226 0.0549441
0.227 0.0538274
0.228 0.0528788
0.229 0.0521004
0.23 0.051322
0.231 0.0505436
0.232 0.0497652
0.233 0.0489868
0.234 0.0482083
0.235 0.0474299
0.236 0.0466515
0.237 0.0458731
0.238 0.0450947
0.239 0.0443163
0.24 0.0435379
0.241 0.0427594
0.242 0.041981
0.243 0.0412026
0.244 0.0404242
0.245 0.0396458
0.246 0.0388674
0.247 0.0380889
0.248 0.0373105
0.249 0.0365321
0.25 0.0359538
0.251 0.0354357
0.252 0.0349175
0.253 0.0343994
0.254 0.0338813
0.255 0.0333632
0.256 0.0328451
0.257 0.032327
0.258 0.0318088
0.259 0.0312907
0.26 0.0307726
0.261 0.0302545
0.262 0.0297364
0.263 0.0292182
0.264 0.0287001
0.265 0.028182
0.266 0.0276639
0.267 0.0271458
0.268 0.0266276
0.269 0.0261095
0.27 0.0255914
0.271 0.0250733
0.272 0.0245552
0.273 0.0241736
0.274 0.0238446
0.275 0.0235156
0.276 0.0231866
0.277 0.0228576
0.278 0.0225286
0.279 0.0221996
0.28 0.0218706
0.281 0.0215416
0.282 0.0212126
0.283 0.0208837
0.284 0.0205547
0.285 0.0202257
0.286 0.0198967
0.287 0.0195677
0.288 0.0192387
0.289 0.0189097
0.29 0.0185807
0.291 0.0182517
0.292 0.0179227
0.293 0.0175937
0.294 0.0172647
0.295 0.0169357
0.296 0.0166067
0.297 0.0163228
0.298 0.0161244
0.299 0.0159261
0.3 0.0157277
0.301 0.0155293
0.302 0.015331
0.303 0.0151326
0.304 0.0149343
0.305 0.0147359
0.306 0.0145375
0.307 0.0143392
0.308 0.0141408
0.309 0.0139425
0.31 0.0137441
0.311 0.0135457
0.312 0.0133474
0.313 0.013149
0.314 0.0129507
0.315 0.0127523
0.316 0.0125539
0.317 0.0123556
0.318 0.0121572
0.319 0.0119588
0.32 0.0117605
0.321 0.0115621
0.322 0.0113638
0.323 0.0112202
0.324 0.0111073
0.325 0.0109943
0.326 0.0108814
0.327 0.0107684
0.328 0.0106555
0.329 0.0105425
0.33 0.0104296
0.331 0.0103166
0.332 0.0102037
0.333 0.0100907
0.334 0.00997775
0.335 0.0098648
0.336 0.00975185
0.337 0.00963889
0.338 0.00952594
0.339 0.00941299
0.34 0.00930004
0.341 0.00918708
0.342 0.00907413
0.343 0.00896118
0.344 0.00884823
0.345 0.00873527
0.346 0.00862232
0.347 0.00850937
0.348 0.00839642
0.349 0.00828346
0.35 0.00820377
0.351 0.00814292
0.352 0.00808206
0.353 0.0080212
0.354 0.00796034
0.355 0.00789948
0.356 0.00783862
0.357 0.00777777
0.358 0.00771691
0.359 0.00765605
0.36 0.00759519
0.361 0.00753433
0.362 0.00747348
0.363 0.00741262
0.364 0.00735176
0.365 0.0072909
0.366 0.00723004
0.367 0.00716919
0.368 0.00710833
0.369 0.00704747
0.37 0.00698661
0.371 0.00692575
0.372 0.0068649
0.373 0.00680404
0.374 0.00674318
0.375 0.00668232
0.376 0.00662146
0.377 0.00656061
0.378 0.00651111
0.379 0.00647969
0.38 0.00644827
0.381 0.00641684
0.382 0.00638542
0.383 0.006354
0.384 0.00632258
0.385 0.00629116
0.386 0.00625973
0.387 0.00622831
0.388 0.00619689
0.389 0.00616547
0.39 0.00613405
0.391 0.00610263
0.392 0.0060712
0.393 0.00603978
0.394 0.00600836
0.395 0.00597694
0.396 0.00594552
0.397 0.00591409
0.398 0.00588267
0.399 0.00585125
0.4 0.00581983
0.401 0.00578841
0.402 0.00575699
0.403 0.00572556
0.404 0.00569414
0.405 0.00566272
0.406 0.0056313
0.407 0.00559988
0.408 0.00558284
0.409 0.00556629
0.41 0.00554974
0.411 0.00553318
0.412 0.00551663
0.413 0.00550008
0.414 0.00548353
0.415 0.00546698
0.416 0.00545042
0.417 0.00543387
0.418 0.00541732
0.419 0.00540077
0.42 0.00538421
0.421 0.00536766
0.422 0.00535111
0.423 0.00533456
0.424 0.00531801
0.425 0.00530145
0.426 0.0052849
0.427 0.00526835
0.428 0.0052518
0.429 0.00523525
0.43 0.00521869
0.431 0.00520214
0.432 0.00518559
0.433 0.00516904
0.434 0.00515248
0.435 0.00513593
0.436 0.00511938
0.437 0.00510283
0.438 0.00508941
0.439 0.00507906
0.44 0.00506871
0.441 0.00505837
0.442 0.00504802
0.443 0.00503767
0.444 0.00502733
0.445 0.00501698
0.446 0.00500663
0.447 0.00499629
0.448 0.00498594
0.449 0.00497559
0.45 0.00496524
0.451 0.0049549
0.452 0.00494455
0.453 0.0049342
0.454 0.00492386
0.455 0.00491351
0.456 0.00490316
0.457 0.00489282
0.458 0.00488247
0.459 0.00487212
0.46 0.00486178
0.461 0.00485143
0.462 0.00484108
0.463 0.00483074
0.464 0.00482039
0.465 0.00481004
0.466 0.0047997
0.467 0.00478935
0.468 0.004779
0.469 0.00476892
0.47 0.00476019
0.471 0.00475146
0.472 0.00474274
0.473 0.00473401
0.474 0.00472528
0.475 0.00471656
0.476 0.00470783
0.477 0.0046991
0.478 0.00469037
0.479 0.00468165
0.48 0.00467292
0.481 0.00466419
0.482 0.00465547
0.483 0.00464674
0.484 0.00463801
0.485 0.00462929
0.486 0.00462056
0.487 0.00461183
0.488 0.0046031
0.489 0.00459438
0.49 0.00458565
0.491 0.00457692
0.492 0.0045682
0.493 0.00455947
0.494 0.00455074
0.495 0.00454201
0.496 0.00453329
0.497 0.00452456
0.498 0.00451583
0.499 0.00450711
0.5 0.00449838
0.501 0.00448958
0.502 0.0044804
0.503 0.00447123
0.504 0.00446205
0.505 0.00445287
0.506 0.00444369
0.507 0.00443451
0.508 0.00442534
0.509 0.00441616
0.51 0.00440698
0.511 0.0043978
0.512 0.00438862
0.513 0.00437945
0.514 0.00437027
0.515 0.00436109
0.516 0.00435191
0.517 0.00434273
0.518 0.00433356
0.519 0.00432438
0.52 0.0043152
0.521 0.00430602
0.522 0.00429684
0.523 0.00428767
0.524 0.00427849
0.525 0.00426931
0.526 0.00426013
0.527 0.00425095
0.528 0.00424178
0.529 0.0042326
0.53 0.00422342
0.531 0.00421424
0.532 0.00420506
0.533 0.00419589
0.534 0.00418592
0.535 0.0041757
0.536 0.00416549
0.537 0.00415527
0.538 0.00414506
0.539 0.00413484
0.54 0.00412462
0.541 0.00411441
0.542 0.00410419
0.543 0.00409398
0.544 0.00408376
0.545 0.00407355
0.546 0.00406333
0.547 0.00405311
0.548 0.0040429
0.549 0.00403268
0.55 0.00402247
0.551 0.00401225
0.552 0.00400203
0.553 0.00399182
0.554 0.0039816
0.555 0.00397139
0.556 0.00396117
0.557 0.00395095
0.558 0.00394074
0.559 0.00393052
0.56 0.00392031
0.561 0.00391009
0.562 0.00389987
0.563 0.00388966
0.564 0.00387944
0.565 0.00386923
0.566 0.00385873
0.567 0.00384759
0.568 0.00383645
0.569 0.00382531
0.57 0.00381417
0.571 0.00380303
0.572 0.00379189
0.573 0.00378075
0.574 0.00376961
0.575 0.00375847
0.576 0.00374733
0.577 0.00373619
0.578 0.00372505
0.579 0.00371391
0.58 0.00370277
0.581 0.00369163
0.582 0.00368048
0.583 0.00366934
0.584 0.0036582
0.585 0.00364706
0.586 0.00363592
0.587 0.00362478
0.588 0.00361364
0.589 0.0036025
0.59 0.00359136
0.591 0.00358022
0.592 0.00356908
0.593 0.00355794
0.594 0.0035468
0.595 0.00353566
0.596 0.00352452
0.597 0.00351338
0.598 0.00350215
0.599 0.00349053
0.6 0.0034789
0.601 0.00346728
0.602 0.00345565
0.603 0.00344403
0.604 0.0034324
0.605 0.00342078
0.606 0.00340915
0.607 0.00339753
0.608 0.0033859
0.609 0.00337428
0.61 0.00336265
0.611 0.00335103
0.612 0.0033394
0.613 0.00332778
0.614 0.00331615
0.615 0.00330453
0.616 0.0032929
0.617 0.00328128
0.618 0.00326965
0.619 0.00325803
0.62 0.0032464
0.621 0.00323478
0.622 0.00322315
0.623 0.00321153
0.624 0.0031999
0.625 0.00318828
0.626 0.00317665
0.627 0.00316503
0.628 0.0031534
0.629 0.00314178
0.63 0.00313008
0.631 0.00311838
0.632 0.00310667
0.633 0.00309496
0.634 0.00308325
0.635 0.00307155
0.636 0.00305984
0.637 0.00304813
0.638 0.00303643
0.639 0.00302472
0.64 0.00301301
0.641 0.0030013
0.642 0.0029896
0.643 0.00297789
0.644 0.00296618
0.645 0.00295448
0.646 0.00294277
0.647 0.00293106
0.648 0.00291936
0.649 0.00290765
0.65 0.00289594
0.651 0.00288423
0.652 0.00287253
0.653 0.00286082
0.654 0.00284911
0.655 0.00283741
0.656 0.0028257
0.657 0.00281399
0.658 0.00280228
0.659 0.00279058
0.66 0.00277907
0.661 0.00276763
0.662 0.00275619
0.663 0.00274475
0.664 0.0027333
0.665 0.00272186
0.666 0.00271042
0.667 0.00269897
0.668 0.00268753
0.669 0.00267609
0.67 0.00266465
0.671 0.0026532
0.672 0.00264176
0.673 0.00263032
0.674 0.00261888
0.675 0.00260743
0.676 0.00259599
0.677 0.00258455
0.678 0.0025731
0.679 0.00256166
0.68 0.00255022
0.681 0.00253878
0.682 0.00252733
0.683 0.00251589
0.684 0.00250445
0.685 0.00249301
0.686 0.00248156
0.687 0.00247012
0.688 0.00245895
0.689 0.00244801
0.69 0.00243707
0.691 0.00242612
0.692 0.00241518
0.693 0.00240424
0.694 0.0023933
0.695 0.00238236
0.696 0.00237142
0.697 0.00236048
0.698 0.00234954
0.699 0.00233859
0.7 0.00232765
0.701 0.00231671
0.702 0.00230577
0.703 0.00229483
0.704 0.00228389
0.705 0.00227295
0.706 0.00226201
0.707 0.00225106
0.708 0.00224012
0.709 0.00222918
0.71 0.00221824
0.711 0.0022073
0.712 0.00219636
0.713 0.00218542
0.714 0.00217489
0.715 0.00216454
0.716 0.00215418
0.717 0.00214383
0.718 0.00213347
0.719 0.00212311
0.72 0.00211276
0.721 0.0021024
0.722 0.00209205
0.723 0.00208169
0.724 0.00207134
0.725 0.00206098
0.726 0.00205063
0.727 0.00204027
0.728 0.00202992
0.729 0.00201956
0.73 0.0020092
0.731 0.00199885
0.732 0.00198849
0.733 0.00197814
0.734 0.00196778
0.735 0.00195743
0.736 0.00194707
0.737 0.00193721
0.738 0.00192744
0.739 0.00191767
0.74 0.00190789
0.741 0.00189812
0.742 0.00188835
0.743 0.00187857
0.744 0.0018688
0.745 0.00185903
0.746 0.00184925
0.747 0.00183948
0.748 0.00182971
0.749 0.00181993
0.75 0.00181016
0.751 0.00180039
0.752 0.00179061
0.753 0.00178084
0.754 0.00177107
0.755 0.00176129
0.756 0.00175179
0.757 0.00174253
0.758 0.00173327
0.759 0.00172401
0.76 0.00171475
0.761 0.00170549
0.762 0.00169624
0.763 0.00168698
0.764 0.00167772
0.765 0.00166846
0.766 0.0016592
0.767 0.00164994
0.768 0.00164069
0.769 0.00163143
0.77 0.00162217
0.771 0.00161299
0.772 0.00160414
0.773 0.00159529
0.774 0.00158644
0.775 0.00157759
0.776 0.00156874
0.777 0.00155989
0.778 0.00155104
0.779 0.00154219
0.78 0.00153334
0.781 0.00152449
0.782 0.00151573
0.783 0.00150715
0.784 0.00149857
0.785 0.00149
0.786 0.00148142
0.787 0.00147284
0.788 0.00146431
0.789 0.00145604
0.79 0.00144777
0.791 0.00143951
0.792 0.00143124
0.793 0.00142297
0.794 0.0014147
0.795 0.00140643
0.796 0.00139816
0.797 0.00138989
0.798 0.00138163
0.799 0.00137336
0.8 0.00136509
0.801 0.00135701
0.802 0.00134974
0.803 0.00134246
0.804 0.00133519
0.805 0.00132792
0.806 0.00132065
0.807 0.00131338
0.808 0.00130611
0.809 0.00129883
0.81 0.00129156
0.811 0.00128429
0.812 0.00127702
0.813 0.00126975
0.814 0.00126247
0.815 0.0012552
0.816 0.00124793
0.817 0.00124066
0.818 0.00123339
0.819 0.00122612
0.82 0.00121884
0.821 0.00121157
0.822 0.0012043
0.823 0.00119703
0.824 0.00118976
0.825 0.00118249
0.826 0.00117521
0.827 0.00116794
0.828 0.00116067
0.829 0.0011534
0.83 0.00114613
0.831 0.00113885
0.832 0.00113158
0.833 0.00112431
0.834 0.00111704
0.835 0.00110977
0.836 0.0011025
0.837 0.00109522
0.838 0.00108795
0.839 0.00108068
0.84 0.00107341
0.841 0.00106614
0.842 0.00105887
0.843 0.00105159
0.844 0.00104432
0.845 0.00103705
0.846 0.00102978
0.847 0.00102251
0.848 0.00101524
0.849 0.00100796
0.85 0.00100177
0.851 0.000996484
0.852 0.000991202
0.853 0.00098592
0.854 0.000980638
0.855 0.000975357
0.856 0.000970075
0.857 0.000964793
0.858 0.000959511
0.859 0.00095423
0.86 0.000948948
0.861 0.000943666
0.862 0.000938385
0.863 0.000933103
0.864 0.000927821
0.865 0.000922539
0.866 0.000917258
0.867 0.000911976
0.868 0.000906694
0.869 0.000901413
0.87 0.000896131
0.871 0.000890849
0.872 0.000885567
0.873 0.000880286
0.874 0.000875004
0.875 0.000869722
0.876 0.00086444
0.877 0.000859159
0.878 0.000853877
0.879 0.000848595
0.88 0.000843314
0.881 0.000838032
0.882 0.00083275
0.883 0.000827468
0.884 0.000822187
0.885 0.000816905
0.886 0.000811623
0.887 0.000806342
0.888 0.00080106
0.889 0.000795778
0.89 0.000790496
0.891 0.000785215
0.892 0.000779933
0.893 0.000774651
0.894 0.000769369
0.895 0.000764088
0.896 0.000758806
0.897 0.000753524
0.898 0.000748243
0.899 0.000742961
0.9 0.000737679
0.901 0.000732397
0.902 0.000727116
0.903 0.000721834
0.904 0.000716552
0.905 0.000711271
0.906 0.000705989
0.907 0.000700707
0.908 0.000695425
0.909 0.000690144
0.91 0.000684862
0.911 0.00067958
0.912 0.000674298
0.913 0.000669017
0.914 0.000663735
0.915 0.000658453
0.916 0.000653172
0.917 0.00064789
0.918 0.000642608
0.919 0.000637326
0.92 0.000632045
0.921 0.000626763
0.922 0.000621481
0.923 0.0006162
0.924 0.000610918
0.925 0.000605636
0.926 0.000600354
0.927 0.000595073
0.928 0.000589791
0.929 0.000584509
0.93 0.000579227
0.931 0.000573946
0.932 0.000568664
0.933 0.000563382
0.934 0.000558101
0.935 0.000552819
0.936 0.000549598
0.937 0.000546706
0.938 0.000543815
0.939 0.000540924
0.94 0.000538033
0.941 0.000535142
0.942 0.000532251
0.943 0.00052936
0.944 0.000526469
0.945 0.000523577
0.946 0.000520686
0.947 0.000517795
0.948 0.000514904
0.949 0.000512013
0.95 0.000509122
0.951 0.000506231
0.952 0.00050334
0.953 0.000500448
0.954 0.000497557
0.955 0.000494666
0.956 0.000491775
0.957 0.000488884
0.958 0.000485993
0.959 0.000483102
0.96 0.000480211
0.961 0.000477319
0.962 0.000474428
0.963 0.000471537
0.964 0.000468646
0.965 0.000465755
0.966 0.000462864
0.967 0.000459973
0.968 0.000457082
0.969 0.00045419
0.97 0.000451299
0.971 0.000448408
0.972 0.000445517
0.973 0.000442626
0.974 0.000439735
0.975 0.000436844
0.976 0.000433953
0.977 0.000431062
0.978 0.00042817
0.979 0.000425279
0.98 0.000422388
0.981 0.000419497
0.982 0.000416606
0.983 0.000413715
0.984 0.000410824
0.985 0.000407933
0.986 0.000405041
0.987 0.00040215
0.988 0.000399259
0.989 0.000396368
0.99 0.000393477
0.991 0.000390586
0.992 0.000387695
0.993 0.000384804
0.994 0.000381912
0.995 0.000379021
0.996 0.00037613
0.997 0.000373239
0.998 0.000370348
0.999 0.000367457
1 0.000364566
