0.001 2.94985e-05
0.011 0.00354131
0.021 0.0126398
0.031 0.0266336
0.041 0.0445011
0.051 0.0650163
0.061 0.0868894
0.071 0.108899
0.081 0.129997
0.091 0.149376
0.101 0.166492
0.111 0.181053
0.121 0.192979
0.131 0.202349
0.141 0.209338
0.151 0.214172
0.161 0.217083
0.171 0.218288
0.181 0.217977
0.191 0.216311
0.201 0.213436
0.211 0.20949
0.221 0.204613
0.231 0.198958
0.241 0.19269
0.251 0.185985
0.261 0.179019
0.271 0.171958
0.281 0.164952
0.291 0.158116
0.301 0.151534
0.311 0.145251
0.321 0.139276
0.331 0.133589
0.341 0.128151
0.351 0.122911
0.361 0.117817
0.371 0.112828
0.381 0.107917
0.391 0.103076
0.401 0.098315
0.411 0.0936607
0.421 0.0891493
0.431 0.08482
0.441 0.0807088
0.451 0.0768418
0.461 0.073232
0.471 0.0698772
0.481 0.0667611
0.491 0.0638555
0.501 0.0611246
0.511 0.0585299
0.521 0.0560352
0.531 0.0536109
0.541 0.0512372
0.551 0.0489058
0.561 0.0466194
0.571 0.0443897
0.581 0.0422344
0.591 0.040173
0.601 0.0382233
0.611 0.0363982
0.621 0.0347033
0.631 0.0331363
0.641 0.0316873
0.651 0.0303404
0.661 0.0290757
0.671 0.0278723
0.681 0.0267106
0.691 0.0255752
0.701 0.0244564
0.711 0.0233508
0.721 0.0222612
0.731 0.0211952
0.741 0.0201635
0.751 0.0191776
0.761 0.0182477
0.771 0.017381
0.781 0.0165803
0.791 0.015844
0.801 0.0151663
0.811 0.0145379
0.821 0.0139476
0.831 0.0133839
0.841 0.012836
0.851 0.0122961
0.861 0.0117594
0.871 0.0112249
0.881 0.0106951
0.891 0.0101753
0.901 0.00967222
0.911 0.00919267
0.921 0.00874261
0.931 0.00832597
0.941 0.00794414
0.951 0.00759584
0.961 0.00727734
0.971 0.0069831
0.981 0.00670655
0.991 0.00644101
1.001 0.00618066
1.011 0.00592124
1.021 0.00566057
1.031 0.00539871
1.041 0.00513768
1.051 0.00488099
1.061 0.00463288
1.071 0.00439754
1.081 0.00417839
1.091 0.00397756
1.101 0.00379561
1.111 0.0036315
1.121 0.0034828
1.131 0.00334607
1.141 0.00321736
1.151 0.00309281
1.161 0.00296912
1.171 0.00284408
1.181 0.00271672
1.191 0.00258745
1.201 0.00245783
1.211 0.0023302
1.221 0.00220726
1.231 0.00209152
1.241 0.00198494
1.251 0.00188865
1.261 0.00180279
1.271 0.00172654
1.281 0.0016583
1.291 0.00159589
1.301 0.00153694
1.311 0.00147915
1.321 0.00142069
1.331 0.00136039
1.341 0.00129791
1.351 0.00123372
1.361 0.00116896
1.371 0.0011052
1.381 0.00104413
1.391 0.000987273
1.401 0.000935728
1.411 0.000890058
1.421 0.000850215
1.431 0.000815588
1.441 0.000785104
1.451 0.0007574
1.461 0.000731014
1.471 0.000704601
1.481 0.000677123
1.491 0.000647996
1.501 0.000617154
1.511 0.00058503
1.521 0.000552442
1.531 0.000520426
1.541 0.000490036
1.551 0.000462175
1.561 0.000437457
1.571 0.000416138
1.581 0.000398105
1.591 0.000382907
1.601 0.000369836
1.611 0.000358029
1.621 0.000346591
1.631 0.000334726
1.641 0.000321857
1.651 0.000307702
1.661 0.000292317
1.671 0.000276055
1.681 0.000259492
1.691 0.000243303
1.701 0.000228143
1.711 0.000214539
1.721 0.000202822
1.731 0.00019309
1.741 0.00018522
1.751 0.000178891
1.761 0.000173636
1.771 0.00016891
1.781 0.000164165
1.791 0.000158929
1.801 0.000152884
1.811 0.00014591
1.821 0.000138098
1.831 0.000129726
1.841 0.000121189
1.851 0.000112927
1.861 0.000105338
1.871 9.87254e-05
1.881 9.32571e-05
1.891 8.89573e-05
1.901 8.57157e-05
1.911 8.33089e-05
1.921 8.14326e-05
1.931 7.97419e-05
1.941 7.78996e-05
1.951 7.56274e-05
1.961 7.27524e-05
1.971 6.92345e-05
1.981 6.51701e-05
1.991 6.07657e-05
2.001 5.62923e-05
2.011 5.20301e-05
2.021 4.82197e-05
2.031 4.50286e-05
2.041 4.25362e-05
2.051 4.07336e-05
2.061 3.95331e-05
2.071 3.87824e-05
2.081 3.82843e-05
2.091 3.78204e-05
2.101 3.71824e-05
2.111 3.62056e-05
2.121 3.47987e-05
2.131 3.29601e-05
2.141 3.07757e-05
2.151 2.83971e-05
2.161 2.6007e-05
2.171 2.37823e-05
2.181 2.18642e-05
2.191 2.03415e-05
2.201 1.92466e-05
2.211 1.85593e-05
2.221 1.82146e-05
2.231 1.8111e-05
2.241 1.81208e-05
2.251 1.81055e-05
2.261 1.7935e-05
2.271 1.75117e-05
2.281 1.67894e-05
2.291 1.57833e-05
2.301 1.45649e-05
2.311 1.32437e-05
2.321 1.19415e-05
2.331 1.07678e-05
2.341 9.80266e-06
2.351 9.08989e-06
2.361 8.6385e-06
2.371 8.42772e-06
2.381 8.41192e-06
2.391 8.52456e-06
2.401 8.68327e-06
2.411 8.79888e-06
2.421 8.78943e-06
2.431 8.59664e-06
2.441 8.19937e-06
2.451 7.61876e-06
2.461 6.91216e-06
2.471 6.15782e-06
2.481 5.4359e-06
2.491 4.8123e-06
2.501 4.32993e-06
2.511 4.00766e-06
2.521 3.8442e-06
2.531 3.8225e-06
2.541 3.91215e-06
2.551 4.0702e-06
2.561 4.24308e-06
2.571 4.37239e-06
2.581 4.40538e-06
2.591 4.3072e-06
2.601 4.07037e-06
2.611 3.71691e-06
2.621 3.29193e-06
2.631 2.85082e-06
2.641 2.44533e-06
2.651 2.11351e-06
2.661 1.8762e-06
2.671 1.73926e-06
2.681 1.69798e-06
2.691 1.74024e-06
2.701 1.84684e-06
2.711 1.99029e-06
2.721 2.13503e-06
2.731 2.24175e-06
2.741 2.27563e-06
2.751 2.21594e-06
2.761 2.06259e-06
2.771 1.83636e-06
2.781 1.57234e-06
2.791 1.30935e-06
2.801 1.07989e-06
2.811 9.04356e-07
2.821 7.90936e-07
2.831 7.39293e-07
2.841 7.44687e-07
2.851 7.99675e-07
2.861 8.92843e-07
2.871 1.00649e-06
2.881 1.11624e-06
2.891 1.19462e-06
2.901 1.2181e-06
2.911 1.17466e-06
2.921 1.06822e-06
2.931 9.175e-07
2.941 7.49576e-07
2.951 5.9123e-07
2.961 4.61884e-07
2.971 3.70942e-07
2.981 3.19684e-07
2.991 3.05448e-07
3.001 3.2492e-07
3.011 3.74478e-07
3.021 4.47833e-07
3.031 5.33255e-07
3.041 6.13184e-07
3.051 6.67613e-07
3.061 6.80277e-07
3.071 6.44703e-07
3.081 5.66957e-07
3.091 4.63484e-07
3.101 3.55026e-07
3.111 2.59599e-07
3.121 1.87838e-07
3.131 1.42499e-07
3.141 1.21485e-07
3.151 1.21878e-07
3.161 1.42212e-07
3.171 1.8166e-07
3.181 2.37037e-07
3.191 3.00055e-07
3.201 3.57281e-07
3.211 3.93568e-07
3.221 3.9758e-07
3.231 3.66547e-07
3.241 3.07638e-07
3.251 2.35107e-07
3.261 1.64649e-07
3.271 1.07861e-07
3.281 6.9495e-08
3.291 4.84614e-08
3.301 4.13664e-08
3.311 4.60371e-08
3.321 6.27486e-08
3.331 9.25238e-08
3.341 1.33862e-07
3.351 1.80345e-07
3.361 2.21101e-07
3.371 2.44341e-07
3.381 2.4227e-07
3.391 2.14682e-07
3.401 1.69213e-07
3.411 1.18028e-07
3.421 7.27338e-08
3.431 4.01812e-08
3.441 2.12418e-08
3.451 1.2806e-08
3.461 1.14055e-08
3.471 1.60304e-08
3.481 2.83847e-08
3.491 5.05546e-08
3.501 8.17605e-08
3.511 1.16501e-07
3.521 1.45567e-07
3.531 1.59649e-07
3.541 1.53623e-07
3.551 1.29094e-07
3.561 9.3738e-08
3.571 5.77557e-08
3.581 2.94153e-08
3.591 1.20758e-08
3.601 4.15547e-09
3.611 1.73427e-09
3.621 1.96032e-09
3.631 5.06854e-09
3.641 1.37919e-08
3.651 3.06433e-08
3.661 5.49177e-08
3.671 8.14705e-08
3.681 1.02258e-07
3.691 1.09923e-07
3.701 1.01438e-07
3.711 7.96934e-08
3.721 5.21163e-08
3.731 2.7084e-08
3.741 1.01506e-08
3.751 2.15328e-09
3.761 9.18188e-11
3.771 1.98214e-11
3.781 3.5533e-11
3.791 1.49293e-09
3.801 7.72943e-09
3.811 2.11882e-08
3.821 4.08337e-08
3.831 6.15982e-08
3.841 7.63635e-08
3.851 7.9425e-08
3.861 6.9455e-08
3.871 5.0241e-08
3.881 2.87624e-08
3.891 1.17107e-08
3.901 2.43749e-09
3.911 3.9292e-12
3.921 7.2193e-10
3.931 1.09204e-09
3.941 2.55834e-10
3.951 4.48967e-10
3.961 5.22201e-09
3.971 1.65996e-08
3.981 3.30179e-08
3.991 4.94158e-08
4.001 5.95408e-08
4.011 5.91751e-08
4.021 4.84058e-08
4.031 3.16065e-08
4.041 1.51415e-08
4.051 4.12716e-09
4.061 1.07874e-10
4.071 9.18677e-10
4.081 2.67712e-09
4.091 2.58665e-09
4.101 7.91647e-10
4.111 1.56932e-10
4.121 4.15148e-09
4.131 1.4196e-08
4.141 2.81719e-08
4.151 4.10837e-08
4.161 4.75556e-08
4.171 4.47191e-08
4.181 3.37954e-08
4.191 1.94419e-08
4.201 7.25057e-09
4.211 8.64028e-10
4.221 3.69678e-10
4.231 2.83728e-09
4.241 4.56983e-09
4.251 3.62738e-09
4.261 1.06052e-09
4.271 1.16339e-10
4.281 3.94196e-09
4.291 1.32399e-08
4.301 2.5363e-08
4.311 3.54608e-08
4.321 3.90411e-08
4.331 3.44446e-08
4.341 2.37723e-08
4.351 1.17216e-08
4.361 3.02675e-09
4.371 7.43828e-12
4.381 1.63936e-09
4.391 4.62183e-09
4.401 5.71676e-09
4.411 3.88855e-09
4.421 9.3094e-10
4.431 2.17226e-10
4.441 4.37126e-09
4.451 1.33205e-08
4.461 2.39622e-08
4.471 3.1692e-08
4.481 3.2914e-08
4.491 2.70489e-08
4.501 1.6856e-08
4.511 6.88343e-09
4.521 9.75018e-10
4.531 2.99424e-10
4.541 3.03279e-09
4.551 5.81404e-09
4.561 6.02939e-09
4.571 3.50481e-09
4.581 5.74125e-10
4.591 5.01331e-10
4.601 5.24879e-09
4.611 1.39853e-08
4.621 2.32786e-08
4.631 2.88937e-08
4.641 2.81435e-08
4.651 2.14002e-08
4.661 1.18747e-08
4.671 3.80629e-09
4.681 1.41367e-10
4.691 1.06596e-09
4.701 4.22327e-09
4.711 6.42194e-09
4.721 5.75161e-09
4.731 2.79869e-09
4.741 2.26945e-10
4.751 9.99053e-10
4.761 6.34956e-09
4.771 1.47731e-08
4.781 2.26744e-08
4.791 2.63182e-08
4.801 2.39276e-08
4.811 1.66856e-08
4.821 8.05298e-09
4.831 1.81521e-09
4.841 2.32011e-11
4.851 2.03414e-09
4.861 5.18045e-09
4.871 6.6097e-09
4.881 5.14307e-09
4.891 2.0107e-09
4.901 2.51074e-11
4.911 1.71568e-09
4.921 7.5841e-09
4.931 1.55679e-08
4.941 2.20656e-08
4.951 2.39292e-08
4.961 2.02444e-08
4.971 1.28411e-08
4.981 5.24087e-09
4.991 6.74355e-10
5.001 3.48124e-10
5.011 2.97004e-09
5.021 5.77224e-09
5.031 6.36744e-09
5.041 4.28503e-09
5.051 1.24795e-09
5.061 3.32688e-11
5.071 2.62954e-09
5.081 8.83473e-09
5.091 1.61709e-08
5.101 2.11923e-08
5.111 2.14188e-08
5.121 1.67455e-08
5.131 9.49369e-09
5.141 3.08031e-09
5.151 1.0411e-10
5.161 9.82702e-10
5.171 3.92671e-09
5.181 6.22336e-09
5.191 6.01589e-09
5.201 3.48059e-09
5.211 6.87221e-10
5.221 2.41282e-10
5.231 3.55309e-09
5.241 9.80656e-09
5.251 1.62749e-08
5.261 1.9813e-08
5.271 1.86418e-08
5.281 1.33638e-08
5.291 6.60755e-09
5.301 1.52196e-09
5.311 2.08543e-11
5.321 1.81595e-09
5.331 4.78725e-09
5.341 6.42926e-09
5.351 5.46839e-09
5.361 2.65864e-09
5.371 2.76767e-10
5.381 6.37803e-10
5.391 4.55103e-09
5.401 1.06726e-08
5.411 1.61661e-08
5.421 1.82887e-08
5.431 1.59597e-08
5.441 1.03771e-08
5.451 4.31929e-09
5.461 5.56687e-10
5.471 3.2009e-10
5.481 2.72879e-09
5.491 5.49044e-09
5.501 6.41717e-09
5.511 4.81806e-09
5.521 1.9177e-09
5.531 5.42888e-11
5.541 1.1593e-09
5.551 5.45866e-09
5.561 1.12002e-08
5.571 1.55883e-08
5.581 1.63741e-08
5.591 1.31523e-08
5.601 7.59115e-09
5.611 2.46426e-09
5.621 6.59527e-11
5.631 9.56298e-10
5.641 3.76973e-09
5.651 6.17424e-09
5.661 6.37509e-09
5.671 4.23821e-09
5.681 1.352e-09
5.691 3.59436e-13
5.701 1.6848e-09
5.711 6.10708e-09
5.721 1.12424e-08
5.731 1.447e-08
5.741 1.40872e-08
5.751 1.02998e-08
5.761 5.09875e-09
5.771 1.10086e-09
5.781 5.16623e-11
5.791 1.88145e-09
5.801 4.86436e-09
5.811 6.76034e-09
5.821 6.23019e-09
5.831 3.65922e-09
5.841 8.94016e-10
5.851 6.30573e-11
5.861 2.20948e-09
5.871 6.57636e-09
5.881 1.09865e-08
5.891 1.30939e-08
5.901 1.17559e-08
5.911 7.70211e-09
5.921 3.10292e-09
5.931 2.99248e-10
5.941 4.58926e-10
5.951 2.95922e-09
5.961 5.8511e-09
5.971 7.1059e-09
5.981 5.87739e-09
5.991 3.01212e-09
6.001 5.04576e-10
6.011 2.37847e-10
6.021 2.78318e-09
6.031 6.99368e-09
6.041 1.06434e-08
6.051 1.1729e-08
6.061 9.65019e-09
6.071 5.56136e-09
6.081 1.6856e-09
6.091 8.7519e-12
6.101 1.13817e-09
6.111 4.00535e-09
6.121 6.57678e-09
6.131 7.12871e-09
6.141 5.30654e-09
6.151 2.32772e-09
6.161 2.12651e-10
6.171 5.18971e-10
6.181 3.35401e-09
6.191 7.26855e-09
6.201 1.00984e-08
6.211 1.02461e-08
6.221 7.62957e-09
6.231 3.72822e-09
6.241 7.02292e-10
6.251 1.18729e-10
6.261 2.0495e-09
6.271 5.07779e-09
6.281 7.1962e-09
6.291 7.04378e-09
6.301 4.73012e-09
6.311 1.75111e-09
6.321 5.55884e-11
6.331 8.3619e-10
6.341 3.782e-09
6.351 7.24686e-09
6.361 9.23047e-09
6.371 8.5774e-09
6.381 5.66939e-09
6.391 2.19485e-09
6.401 1.38076e-10
6.411 5.99874e-10
6.421 3.15932e-09
6.431 6.15515e-09
6.441 7.70848e-09
6.451 6.86328e-09
6.461 4.15488e-09
6.471 1.26834e-09
6.481 8.53454e-13
6.491 1.16229e-09
6.501 4.08089e-09
6.511 7.01105e-09
6.521 8.19209e-09
6.531 6.91429e-09
6.541 3.94681e-09
6.551 1.07121e-09
6.561 5.74716e-12
6.571 1.37232e-09
6.581 4.32879e-09
6.591 7.08442e-09
6.601 7.98231e-09
6.611 6.49277e-09
6.621 3.51983e-09
6.631 8.41797e-10
6.641 3.05809e-11
6.651 1.50671e-09
6.661 4.29988e-09
6.671 6.65438e-09
6.681 7.10636e-09
6.691 5.37688e-09
6.701 2.53983e-09
6.711 3.65768e-10
6.721 2.42321e-10
6.731 2.32638e-09
6.741 5.4407e-09
6.751 7.77556e-09
6.761 7.9699e-09
6.771 5.91948e-09
6.781 2.82782e-09
6.791 4.74838e-10
6.801 1.49648e-10
6.811 1.89278e-09
6.821 4.50104e-09
6.831 6.28406e-09
6.841 6.10708e-09
6.851 4.08502e-09
6.861 1.508e-09
6.871 4.71784e-11
6.881 7.25832e-10
6.891 3.28129e-09
6.901 6.30471e-09
6.911 8.07397e-09
6.921 7.57666e-09
6.931 5.10707e-09
6.941 2.08114e-09
6.951 1.85641e-10
6.961 3.78278e-10
6.971 2.34044e-09
6.981 4.70651e-09
6.991 5.9219e-09
