0.001 7.62859e-05
0.011 0.0091138
0.021 0.0321114
0.031 0.0662587
0.041 0.107555
0.051 0.151482
0.061 0.193705
0.071 0.230666
0.081 0.259968
0.091 0.280497
0.101 0.292321
0.111 0.29641
0.121 0.294289
0.131 0.287683
0.141 0.278233
0.151 0.26731
0.161 0.25592
0.171 0.244692
0.181 0.233927
0.191 0.22367
0.201 0.213802
0.211 0.204129
0.221 0.194454
0.231 0.184638
0.241 0.174634
0.251 0.164495
0.261 0.15436
0.271 0.144425
0.281 0.134904
0.291 0.125992
0.301 0.117832
0.311 0.110503
0.321 0.10401
0.331 0.0982933
0.341 0.0932383
0.351 0.0886987
0.361 0.0845161
0.371 0.0805415
0.381 0.0766539
0.391 0.0727738
0.401 0.0688692
0.411 0.0649538
0.421 0.0610783
0.431 0.0573158
0.441 0.0537453
0.451 0.050437
0.461 0.0474401
0.471 0.0447765
0.481 0.0424391
0.491 0.0403941
0.501 0.0385876
0.511 0.0369534
0.521 0.0354224
0.531 0.0339319
0.541 0.0324334
0.551 0.0308989
0.561 0.0293225
0.571 0.027719
0.581 0.0261193
0.591 0.0245628
0.601 0.0230898
0.611 0.0217341
0.621 0.0205182
0.631 0.0194508
0.641 0.0185257
0.651 0.0177244
0.661 0.017019
0.671 0.016376
0.681 0.0157616
0.691 0.0151464
0.701 0.0145088
0.711 0.0138384
0.721 0.0131363
0.731 0.012414
0.741 0.0116906
0.751 0.0109884
0.761 0.010329
0.771 0.00972968
0.781 0.009201
0.791 0.00874576
0.801 0.00835915
0.811 0.0080299
0.821 0.00774212
0.831 0.00747765
0.841 0.00721863
0.851 0.00695009
0.861 0.00666202
0.871 0.00635071
0.881 0.00601888
0.891 0.00567476
0.901 0.00533013
0.911 0.00499797
0.921 0.00469016
0.931 0.00441561
0.941 0.00417916
0.951 0.00398127
0.961 0.00381822
0.971 0.00368293
0.981 0.00356602
0.991 0.00345713
1.001 0.00334646
1.011 0.00322617
1.021 0.00309152
1.031 0.00294156
1.041 0.002779
1.051 0.0026095
1.061 0.00244042
1.071 0.00227938
1.081 0.00213295
1.091 0.00200571
1.101 0.00189975
1.111 0.00181465
1.121 0.00174769
1.131 0.00169438
1.141 0.00164906
1.151 0.0016057
1.161 0.00155881
1.171 0.00150422
1.181 0.00143974
1.191 0.0013655
1.201 0.00128375
1.211 0.00119833
1.221 0.00111384
1.231 0.00103474
1.241 0.000964659
1.251 0.000905884
1.261 0.000859215
1.271 0.000823998
1.281 0.000798329
1.291 0.000779347
1.301 0.000763615
1.311 0.00074759
1.321 0.000728138
1.331 0.000703042
1.341 0.00067137
1.351 0.000633607
1.361 0.000591489
1.371 0.000547588
1.381 0.000504764
1.391 0.000465622
1.401 0.000432119
1.411 0.000405356
1.421 0.000385535
1.431 0.000372045
1.441 0.000363589
1.451 0.000358361
1.461 0.000354264
1.471 0.000349189
1.481 0.000341337
1.491 0.000329537
1.501 0.000313456
1.511 0.000293649
1.521 0.000271398
1.531 0.000248411
1.541 0.000226449
1.551 0.000207009
1.561 0.000191118
1.571 0.000179255
1.581 0.000171385
1.591 0.000167018
1.601 0.000165302
1.611 0.000165102
1.621 0.000165132
1.631 0.000164123
1.641 0.000161033
1.651 0.000155254
1.661 0.000146734
1.671 0.000135977
1.681 0.000123911
1.691 0.000111656
1.701 0.000100284
1.711 9.0631e-05
1.721 8.3206e-05
1.731 7.81846e-05
1.741 7.54532e-05
1.751 7.4661e-05
1.761 7.52588e-05
1.771 7.65398e-05
1.781 7.77072e-05
1.791 7.79862e-05
1.801 7.67684e-05
1.811 7.3748e-05
1.821 6.89944e-05
1.831 6.29301e-05
1.841 5.62136e-05
1.851 4.95726e-05
1.861 4.36453e-05
1.871 3.88782e-05
1.881 3.5499e-05
1.891 3.35424e-05
1.901 3.28935e-05
1.911 3.33177e-05
1.921 3.44719e-05
1.931 3.59147e-05
1.941 3.71448e-05
1.951 3.76797e-05
1.961 3.71601e-05
1.971 3.54433e-05
1.981 3.26443e-05
1.991 2.91009e-05
2.001 2.52761e-05
2.011 2.16348e-05
2.021 1.85436e-05
2.031 1.62228e-05
2.041 1.47536e-05
2.051 1.41152e-05
2.061 1.4219e-05
2.071 1.492e-05
2.081 1.60085e-05
2.091 1.72061e-05
2.101 1.81893e-05
2.111 1.86493e-05
2.121 1.83719e-05
2.131 1.7303e-05
2.141 1.55674e-05
2.151 1.34296e-05
2.161 1.12116e-05
2.171 9.20365e-06
2.181 7.60389e-06
2.191 6.50426e-06
2.201 5.91509e-06
2.211 5.80219e-06
2.221 6.10932e-06
2.231 6.75493e-06
2.241 7.61334e-06
2.251 8.50416e-06
2.261 9.21047e-06
2.271 9.52851e-06
2.281 9.33045e-06
2.291 8.60999e-06
2.301 7.4867e-06
2.311 6.16488e-06
2.321 4.86556e-06
2.331 3.76303e-06
2.341 2.95238e-06
2.351 2.4559e-06
2.361 2.25461e-06
2.371 2.31997e-06
2.381 2.62475e-06
2.391 3.12945e-06
2.401 3.75863e-06
2.411 4.38975e-06
2.421 4.87052e-06
2.431 5.0623e-06
2.441 4.89036e-06
2.451 4.37456e-06
2.461 3.62338e-06
2.471 2.79316e-06
2.481 2.0325e-06
2.491 1.43883e-06
2.501 1.04552e-06
2.511 8.39956e-07
2.521 7.95868e-07
2.531 8.97282e-07
2.541 1.13938e-06
2.551 1.50838e-06
2.561 1.95709e-06
2.571 2.39651e-06
2.581 2.71431e-06
2.591 2.81391e-06
2.601 2.6546e-06
2.611 2.27044e-06
2.621 1.75709e-06
2.631 1.23289e-06
2.641 7.94328e-07
2.651 4.88281e-07
2.661 3.12626e-07
2.671 2.40227e-07
2.681 2.48434e-07
2.691 3.34755e-07
2.701 5.09733e-07
2.711 7.73457e-07
2.721 1.09316e-06
2.731 1.3991e-06
2.741 1.60479e-06
2.751 1.64239e-06
2.761 1.49393e-06
2.771 1.2009e-06
2.781 8.46087e-07
2.791 5.17578e-07
2.801 2.74176e-07
2.811 1.29959e-07
2.821 6.39579e-08
2.831 4.61467e-08
2.841 6.21436e-08
2.851 1.21081e-07
2.861 2.42599e-07
2.871 4.32525e-07
2.881 6.64204e-07
2.891 8.79163e-07
2.901 1.00889e-06
2.911 1.00637e-06
2.921 8.69565e-07
2.931 6.43241e-07
2.941 3.97819e-07
2.951 1.97097e-07
2.961 7.25467e-08
2.971 1.75521e-08
2.981 2.79812e-09
2.991 1.68204e-09
3.001 9.32863e-09
3.011 4.35984e-08
3.021 1.28205e-07
3.031 2.69448e-07
3.041 4.42187e-07
3.051 5.95059e-07
3.061 6.73145e-07
3.071 6.45433e-07
3.081 5.21209e-07
3.091 3.45773e-07
3.101 1.77846e-07
3.111 6.15647e-08
3.121 8.71365e-09
3.131 3.84015e-10
3.141 5.53438e-09
3.151 4.08982e-09
3.161 7.29778e-11
3.171 1.69495e-08
3.181 7.86615e-08
3.191 1.88789e-07
3.201 3.21492e-07
3.211 4.30679e-07
3.221 4.72681e-07
3.231 4.29357e-07
3.241 3.1809e-07
3.251 1.82793e-07
3.261 7.11518e-08
3.271 1.12706e-08
3.281 8.87678e-10
3.291 1.45749e-08
3.301 2.35381e-08
3.311 1.53478e-08
3.321 1.43827e-09
3.331 8.07071e-09
3.341 5.67877e-08
3.351 1.46887e-07
3.361 2.51211e-07
3.371 3.28398e-07
3.381 3.44683e-07
3.391 2.9245e-07
3.401 1.94584e-07
3.411 9.20794e-08
3.421 2.22105e-08
3.431 2.75024e-12
3.441 1.34848e-08
3.451 3.47964e-08
3.461 3.97392e-08
3.471 2.3539e-08
3.481 3.2349e-09
3.491 5.51819e-09
3.501 4.78313e-08
3.511 1.24662e-07
3.521 2.07769e-07
3.531 2.60567e-07
3.541 2.58265e-07
3.551 2.01827e-07
3.561 1.17484e-07
3.571 4.21493e-08
3.581 3.39342e-09
3.591 5.71827e-09
3.601 3.08821e-08
3.611 5.14942e-08
3.621 4.91939e-08
3.631 2.61966e-08
3.641 3.27181e-09
3.651 5.638e-09
3.661 4.566e-08
3.671 1.13162e-07
3.681 1.7949e-07
3.691 2.13085e-07
3.701 1.97325e-07
3.711 1.40015e-07
3.721 6.89194e-08
3.731 1.60585e-08
3.741 1.44436e-10
3.751 1.74596e-08
3.761 4.62704e-08
3.771 6.16754e-08
3.781 5.15993e-08
3.791 2.41548e-08
3.801 2.0202e-09
3.811 7.46855e-09
3.821 4.73743e-08
3.831 1.07498e-07
3.841 1.59671e-07
3.851 1.77662e-07
3.861 1.52248e-07
3.871 9.64977e-08
3.881 3.81844e-08
3.891 3.91896e-09
3.901 4.48807e-09
3.911 2.99971e-08
3.921 5.74132e-08
3.931 6.56268e-08
3.941 4.87224e-08
3.951 1.94047e-08
3.961 6.30811e-10
3.971 1.07138e-08
3.981 5.11105e-08
3.991 1.0443e-07
4.001 1.43963e-07
4.011 1.49042e-07
4.021 1.17031e-07
4.031 6.47949e-08
4.041 1.88362e-08
4.051 7.46586e-11
4.061 1.23479e-08
4.071 4.13653e-08
4.081 6.44704e-08
4.091 6.50727e-08
4.101 4.29028e-08
4.111 1.39112e-08
4.121 3.66004e-12
4.131 1.49921e-08
4.141 5.5403e-08
4.151 1.01791e-07
4.161 1.29814e-07
4.171 1.24408e-07
4.181 8.85738e-08
4.191 4.15237e-08
4.201 7.40247e-09
4.211 1.37344e-09
4.221 2.13821e-08
4.231 5.03779e-08
4.241 6.74278e-08
4.251 6.08322e-08
4.261 3.52486e-08
4.271 8.56805e-09
4.281 5.59737e-10
4.291 2.02882e-08
4.301 6.00113e-08
4.311 9.92959e-08
4.321 1.16884e-07
4.331 1.03161e-07
4.341 6.57523e-08
4.351 2.4935e-08
4.361 1.70016e-09
4.371 5.65907e-09
4.381 3.00018e-08
4.391 5.63804e-08
4.401 6.65855e-08
4.411 5.38329e-08
4.421 2.68138e-08
4.431 4.12572e-09
4.441 2.56697e-09
4.451 2.64798e-08
4.461 6.46502e-08
4.471 9.66611e-08
4.481 1.04865e-07
4.491 8.4765e-08
4.501 4.75874e-08
4.511 1.35608e-08
4.521 4.60623e-12
4.531 1.13992e-08
4.541 3.73317e-08
4.551 5.94049e-08
4.561 6.27842e-08
4.571 4.53186e-08
4.581 1.8726e-08
4.591 1.19925e-09
4.601 6.00806e-09
4.611 3.3068e-08
4.621 6.86144e-08
4.631 9.3185e-08
4.641 9.30888e-08
4.651 6.84595e-08
4.661 3.30818e-08
4.671 6.16112e-09
4.681 1.03562e-09
4.691 1.76135e-08
4.701 4.29981e-08
4.711 5.97823e-08
4.721 5.68788e-08
4.731 3.62854e-08
4.741 1.17192e-08
4.751 2.42046e-11
4.761 1.06356e-08
4.771 3.9533e-08
4.781 7.13605e-08
4.791 8.84313e-08
4.801 8.11785e-08
4.811 5.37674e-08
4.821 2.15344e-08
4.831 1.85191e-09
4.841 3.95339e-09
4.851 2.38151e-08
4.861 4.70827e-08
4.871 5.81482e-08
4.881 4.97991e-08
4.891 2.75759e-08
4.901 6.24332e-09
4.911 5.82497e-10
4.921 1.61459e-08
4.931 4.56075e-08
4.941 7.29245e-08
4.951 8.27933e-08
4.961 6.96927e-08
4.971 4.10886e-08
4.981 1.29172e-08
4.991 1.20222e-10
5.001 7.94858e-09
5.011 2.92287e-08
5.021 4.91368e-08
5.031 5.44855e-08
5.041 4.18372e-08
5.051 1.95305e-08
5.061 2.4414e-09
5.071 2.71862e-09
5.081 2.21565e-08
5.091 5.08478e-08
5.101 7.29351e-08
5.111 7.59838e-08
5.121 5.83264e-08
5.131 2.99804e-08
5.141 6.63401e-09
5.151 3.63962e-10
5.161 1.26763e-08
5.171 3.40055e-08
5.181 4.9873e-08
5.191 4.98886e-08
5.201 3.41043e-08
5.211 1.28888e-08
5.221 4.52398e-10
5.231 6.00284e-09
5.241 2.79298e-08
5.251 5.45523e-08
5.261 7.09763e-08
5.271 6.79171e-08
5.281 4.71737e-08
5.291 2.04876e-08
5.301 2.51917e-09
5.311 2.20366e-09
5.321 1.76816e-08
5.331 3.77932e-08
5.341 4.91397e-08
5.351 4.43654e-08
5.361 2.66249e-08
5.371 7.55539e-09
5.381 3.58396e-11
5.391 1.01695e-08
5.401 3.33746e-08
5.411 5.69577e-08
5.421 6.76102e-08
5.431 5.93002e-08
5.441 3.68131e-08
5.451 1.28406e-08
5.461 4.12568e-10
5.471 5.25139e-09
5.481 2.26288e-08
5.491 4.05508e-08
5.501 4.72599e-08
5.511 3.84621e-08
5.521 1.9896e-08
5.531 3.72305e-09
5.541 9.77986e-10
5.551 1.46925e-08
5.561 3.78774e-08
5.571 5.75858e-08
5.581 6.25959e-08
5.591 5.00742e-08
5.601 2.72169e-08
5.611 6.91323e-09
5.621 7.70501e-11
5.631 9.2763e-09
5.641 2.7464e-08
5.651 4.25058e-08
5.661 4.46978e-08
5.671 3.26885e-08
5.681 1.42309e-08
5.691 1.34891e-09
5.701 2.89319e-09
5.711 1.9027e-08
5.721 4.09898e-08
5.731 5.62762e-08
5.741 5.60901e-08
5.751 4.05755e-08
5.761 1.86842e-08
5.771 2.7951e-09
5.781 1.35398e-09
5.791 1.39705e-08
5.801 3.1889e-08
5.811 4.34838e-08
5.821 4.1403e-08
5.831 2.70189e-08
5.841 9.51202e-09
5.851 1.85002e-10
5.861 5.49036e-09
5.871 2.30143e-08
5.881 4.28478e-08
5.891 5.35023e-08
5.901 4.87845e-08
5.911 3.14788e-08
5.921 1.16378e-08
5.931 5.4051e-10
5.941 3.984e-09
5.951 1.89466e-08
5.961 3.5595e-08
5.971 4.33683e-08
5.981 3.74225e-08
5.991 2.15316e-08
6.001 5.71618e-09
6.011 7.4489e-11
6.021 8.58073e-09
6.031 2.66148e-08
6.041 4.37086e-08
6.051 4.98303e-08
6.061 4.13996e-08
6.071 2.34047e-08
6.081 6.36825e-09
6.091 2.03641e-11
6.101 7.51145e-09
6.111 2.36429e-08
6.121 3.81439e-08
6.131 4.19691e-08
6.141 3.27853e-08
6.151 1.63328e-08
6.161 2.87043e-09
6.171 8.88995e-10
6.181 1.19211e-08
6.191 2.95875e-08
6.201 4.34403e-08
6.211 4.52602e-08
6.221 3.39911e-08
6.231 1.6342e-08
6.241 2.71617e-09
6.251 9.50556e-10
6.261 1.1653e-08
6.271 2.79349e-08
6.281 3.96648e-08
6.291 3.96364e-08
6.301 2.79111e-08
6.311 1.17218e-08
6.321 1.02835e-09
6.331 2.44472e-09
6.341 1.52233e-08
6.351 3.17178e-08
6.361 4.20221e-08
6.371 3.99588e-08
6.381 2.67913e-08
6.391 1.04275e-08
6.401 6.22457e-10
6.411 3.09619e-09
6.421 1.61252e-08
6.431 3.16467e-08
6.441 4.01781e-08
6.451 3.65561e-08
6.461 2.30225e-08
6.471 7.81197e-09
6.481 1.26212e-10
6.491 4.55647e-09
6.501 1.83309e-08
6.511 3.30336e-08
6.521 3.97292e-08
6.531 3.43734e-08
6.541 2.02365e-08
6.551 5.89033e-09
6.561 5.67504e-13
6.571 6.08824e-09
6.581 2.04269e-08
6.591 3.43271e-08
6.601 3.94039e-08
6.611 3.26284e-08
6.621 1.81152e-08
6.631 4.58876e-09
6.641 8.66727e-11
6.651 7.11832e-09
6.661 2.12003e-08
6.671 3.36305e-08
6.681 3.67947e-08
6.691 2.87794e-08
6.701 1.45037e-08
6.711 2.70358e-09
6.721 6.169e-10
6.731 9.595e-09
6.741 2.42921e-08
6.751 3.59059e-08
6.761 3.74912e-08
6.771 2.81298e-08
6.781 1.34437e-08
6.791 2.16696e-09
6.801 8.68831e-10
6.811 1.00255e-08
6.821 2.38022e-08
6.831 3.36507e-08
6.841 3.35188e-08
6.851 2.35111e-08
6.861 9.7928e-09
6.871 8.17082e-10
6.881 2.17774e-09
6.891 1.32103e-08
6.901 2.73906e-08
6.911 3.62742e-08
6.921 3.45812e-08
6.931 2.33518e-08
6.941 9.27996e-09
6.951 6.50018e-10
6.961 2.35085e-09
6.971 1.29811e-08
6.981 2.57773e-08
6.991 3.27751e-08
